Bioenergetics growth parameters for generic Midwestern emergent wetland - Apr 2016
Four plant categories,     - no of populations in each  (4I6) 
    10     6     4     5
Consumer populations
Eight consumers categories, - no of populations in each (8I6)
     5     5     1     1     5     3     5     1
                 Initial  Max                                          Light                                               Photo       Dark                                                                                          
                 biomass  growth  Temperature effects on growth        saturation  Sinking  Nutrient limitation  Mortality respiration respiration  Habitat - salinity         Habitat - current velocity Habitat - water depth      Phenology - Initiation, senescence   
Producer           bp     psmax   te1  xk1 te2  xk2 te3 xk3  te4 xk4   si          snk      xkp    xkn    xks     pm       resp        resd         PSUlt  PSUol  PSUou  PSUut Vlt   Vol   Vou   Vut      Dlt   Dol   Dou   Dut      DDi        DDs                     
populations       gC/m2   1/d      C        C        C        C        E/m2/d      1/d      mgP/L  mgN/L  mgSi/L  1/d      unitless    1/d          PSU    PSU    PSU    PSU   m/s   m/s   m/s   m/s       m     m     m     m       deg d      deg d                         
Phytoplankton
Diatom1         0.12e-01  2.70     6. 0.01 10. 1.00 22. 1.00 28. 0.01    6.       0.05      0.015  0.260  0.60    0.010    0.024       0.080        0.     0.     0.     0.    0.0   0.0   0.0   0.0       0.00  0.00  0.00  0.00      280.     5500.  diatom1
Diatom2         0.12e-01  2.70     8. 0.01 12. 1.00 22. 1.00 28. 0.01    8.       0.04      0.018  0.240  0.40    0.004    0.024       0.080        0.     0.     0.     0.    0.0   0.0   0.0   0.0       0.00  0.00  0.00  0.00      280.     5500.  diatom2
Chlorophyte1    0.12e-00  2.80     8. 0.01 12. 1.00 24. 1.00 28. 0.01    8.       0.03      0.020  0.220  0.00    0.006    0.026       0.060        0.     0.     0.     0.    0.0   0.0   0.0   0.0       0.00  0.00  0.00  0.00      700.     5500.  chlorophyte1
Chlorophyte2    0.12e-01  2.80    10. 0.01 14. 1.00 24. 1.00 30. 0.01    8.       0.03      0.020  0.200  0.00    0.008    0.026       0.080        0.     0.     0.     0.    0.0   0.0   0.0   0.0       0.00  0.00  0.00  0.00      750.     5500.  chlorophyte2
Chlorophyte3    0.12e-01  2.40    12. 0.01 20. 1.00 26. 1.00 30. 0.01    8.       0.03      0.020  0.220  0.00    0.006    0.024       0.060        0.     0.     0.     0.    0.0   0.0   0.0   0.0       0.00  0.00  0.00  0.00      800.     5500.  chlorophyte3
Cyanophyte1     0.12e-01  2.45    12. 0.01 16. 1.00 26. 1.00 30. 0.01    8.       0.02      0.012  0.180  0.00    0.007    0.024       0.060        0.     0.     0.     0.    0.0   0.0   0.0   0.0       0.00  0.00  0.00  0.00     1700.     5500.  cyanophyte1
Cyanophyte2     0.12e-01  2.55    14. 0.01 20. 1.00 26. 1.00 30. 0.01    8.       0.02      0.012  0.180  0.00    0.006    0.022       0.060        0.     0.     0.     0.    0.0   0.0   0.0   0.0       0.00  0.00  0.00  0.00     2000.     5500.  cyanophyte2
Cyanophyte3     0.12e-01  2.45    16. 0.01 20. 1.00 26. 1.00 30. 0.01    6.       0.02      0.010  0.166  0.00    0.007    0.020       0.080        0.     0.     0.     0.    0.0   0.0   0.0   0.0       0.00  0.00  0.00  0.00     2300.     5500.  cyanophyte3
Cryptophyte1    0.12e-01  2.70    10. 0.01 14. 1.00 26. 1.00 32. 0.01    6.       0.0       0.012  0.220  0.00    0.005    0.018       0.080        0.     0.     0.     0.    0.0   0.0   0.0   0.0       0.00  0.00  0.00  0.00      400.     5500.  cryptophyte1
Euglenoid1      0.12e-01  2.70     8. 0.01 12. 1.00 26. 1.00 32. 0.01    6.       0.0       0.010  0.218  0.00    0.004    0.016       0.060        0.     0.     0.     0.    0.0   0.0   0.0   0.0       0.00  0.00  0.00  0.00      400.     5500.  euglenoid1
Periphyton  
Diatom3         0.19e-02  1.90     8. 0.01 14. 1.00 20. 1.00 30. 0.01    2.       0.0       0.014  0.240  0.50    0.008    0.020       0.060        0.     0.     0.     0.    0.0   0.0   0.0   0.0       0.00  0.00  0.00  0.00      260.     5500.  diatom3
Diatom4         0.19e-02  1.95    10. 0.01 16. 1.00 20. 1.00 30. 0.01    2.       0.0       0.016  0.220  0.30    0.002    0.020       0.060        0.     0.     0.     0.    0.0   0.0   0.0   0.0       0.00  0.00  0.00  0.00      260.     5500.  diatom4
Chlorophyte4    0.19e-02  2.05    12. 0.01 16. 1.00 22. 1.00 30. 0.01    2.       0.0       0.018  0.280  0.00    0.006    0.025       0.080        0.     0.     0.     0.    0.0   0.0   0.0   0.0       0.00  0.00  0.00  0.00      600.     5500.  chlorophyte4
Chlorophyte5    0.19e-02  2.50    14. 0.01 18. 1.00 22. 1.00 30. 0.01    2.       0.0       0.016  0.280  0.00    0.008    0.025       0.080        0.     0.     0.     0.    0.0   0.0   0.0   0.0       0.00  0.00  0.00  0.00      650.     5500.  chlorophyte5
Cyanophyte4     0.19e-02  2.40    16. 0.01 20. 1.00 24. 1.00 30. 0.01    2.       0.0       0.012  0.200  0.00    0.007    0.024       0.070        0.     0.     0.     0.    0.0   0.0   0.0   0.0       0.00  0.00  0.00  0.00     1200.     5500.  cyanophyte4
Cyanophyte5     0.19e-02  2.40    18. 0.01 22. 1.00 26. 1.00 30. 0.01    2.       0.0       0.012  0.200  0.00    0.008    0.024       0.080        0.     0.     0.     0.    0.0   0.0   0.0   0.0       0.00  0.00  0.00  0.00     1200.     5500.  cyanophyte5
Macrophytes
Myriophyllum    0.18e-00   .15    18. 0.01 22. 1.00 26. 1.00 30. 0.01    4.       0.0       0.100  0.100  0.00    0.010    0.020       0.024        0.     0.     0.     0.    0.0   0.0   0.0   0.0       0.1   0.5   1.5   3.0       550.     5300.  myriophyllum
Ceratophyllum   0.18e-00   .17    18. 0.01 22. 1.00 26. 1.00 30. 0.01    6.       0.0       0.100  0.100  0.00    0.010    0.020       0.022        0.     0.     0.     0.    0.0   0.0   0.0   0.0       0.1   0.5   1.5   3.0       525.     5300.  ceratophyllum
Lemna           0.18e-00   .20    18. 0.01 22. 1.00 24. 1.00 28. 0.01    8.       0.0       0.100  0.100  0.00    0.010    0.040       0.028        0.     0.     0.     0.    0.0   0.0   0.0   0.0       0.0   0.0   0.0   0.0       450.     5300.  lemna
Potamogeton     0.18e-00   .15    16. 0.01 18. 1.00 24. 1.00 28. 0.01    8.       0.0       0.100  0.100  0.00    0.011    0.040       0.020        0.     0.     0.     0.    0.0   0.0   0.0   0.0       0.1   1.0   1.5   3.0       600.     5200.  potamogeton
Emergents                                                                                                            
WaterLily       0.23e+00   .08    10. 0.01 16. 1.00 26. 1.00 30. 0.01   20.       0.0       0.100  0.100  0.00    0.001    0.025       0.020        0.     0.     0.     0.    0.0   0.0   0.0   0.0       0.1   0.2   0.3   1.0       900.     4500.  water lily
Arrowhead       0.52e+00   .07    10. 0.01 16. 1.00 26. 1.00 30. 0.01   20.       0.0       0.100  0.100  0.00    0.001    0.025       0.020        0.     0.     0.     0.    0.0   0.0   0.0   0.0       0.0   0.2   0.3   0.5       950.     5000.  arrowhead
Bulrush         0.52e+00   .07    10. 0.01 16. 1.00 26. 1.00 30. 0.01   20.       0.0       0.100  0.100  0.00    0.001    0.025       0.020        0.     0.     0.     0.    0.0   0.0   0.0   0.0       0.0   0.1   0.3   0.6       880.     4900.  bulrush
Sedge           0.52e+00   .07    10. 0.01 16. 1.00 26. 1.00 30. 0.01   20.       0.0       0.100  0.100  0.00    0.001    0.025       0.020        0.     0.     0.     0.    0.0   0.0   0.0   0.0       0.0   0.1   0.2   0.4       860.     4900.  sedge
Cattail         0.52e+00   .09    10. 0.01 16. 1.00 26. 1.00 30. 0.01   20.       0.0       0.100  0.100  0.00    0.001    0.025       0.020        0.     0.     0.     0.    0.0   0.0   0.0   0.0       0.1   0.2   0.4   0.6       850.     5500.  cattail
xlk             0.052                        
-----------------------------------------------------------------------------------------------------------------------------------------------------------------------------------------------------------------------------------------------------
                 Initial  Max                                          Specific Standard     Temperature                                                                                                                                                            
				 biomass  cons   Temperature effects on consumption    dynamic  Respiration  effects on resp  Egestion  Excretion  Mortality  Habitat - dis oxygen       Habitat - salinity           Habitat - velocity        Habitat - depth          Invert   
Consumer          bc      cmx     te1 xk1  te2 xk2  te3 xk3  te4 xk4   rsda     rmx          tro   trm        f         u          cm         DOlt  DOol  DOou  DOut     PSUlt  PSUol  PSUou  PSUut   Vlt  Vol  Vou  Vut        Dlt   Dol   Dou   Dut    Drift
populations      gC/m2    1/d      C        C        C        C        1/d      1/d           C     C         1/d       1/d        1/d        mg/L  mg/L  mg/L  mg/L     psu    psu    psu    psu     m/s  m/s  m/s  m/s        m     m     m     m      1/d
Zooplankton
Copepods        0.45e-01  1.30     8. 0.01 12. 1.00 26. 1.00 30. 0.01  0.00     0.12          28.  37.        0.040     0.020      0.002       4.0   5.0  50.0  80.0     0.0   00.0   00.0   00.0    00.0  00.0  00.0  00.0    00.0  00.0  00.0  00.0    0.00                                
Chladocerans    0.65e-01  1.40    10. 0.01 14. 1.00 28. 1.00 32. 0.01  0.00     0.24          30.  37.        0.045     0.030      0.050       4.0   5.0  50.0  80.0     0.0   00.0   00.0   00.0    00.0  00.0  00.0  00.0    00.0  00.0  00.0  00.0    0.00   
Rotifers        0.17e-01  1.60     6. 0.01 10. 1.00 28. 1.00 32. 0.01  0.00     0.24          30.  37.        0.055     0.030      0.010       4.0   5.0  50.0  80.0     0.0   00.0   00.0   00.0    00.0  00.0  00.0  00.0    00.0  00.0  00.0  00.0    0.00   
Ostracods       0.03e-01  1.30    10. 0.01 14. 1.00 28. 1.00 32. 0.01  0.00     0.24          30.  37.        0.035     0.030      0.015       4.0   5.0  50.0  80.0     0.0   00.0   00.0   00.0    00.0  00.0  00.0  00.0    00.0  00.0  00.0  00.0    0.00   
Microzoopl      0.04e-01  1.60     6. 0.01 10. 1.00 26. 1.00 30. 0.01  0.00     0.24          30.  37.        0.045     0.030      0.020       4.0   5.0  50.0  80.0     0.0   00.0   00.0   00.0    00.0  00.0  00.0  00.0    00.0  00.0  00.0  00.0    0.00   
Pelagic Omnivorous Fish
FatheadMinnows  0.14e-00  0.53     8. 0.01 14. 1.00 26. 1.00 30. 0.01  0.175    0.01000       30.  37.        0.016     0.070      0.000348    2.0   4.0  50.0  80.0     0.0   00.0   00.0   00.0     0.0  00.0  00.0  00.0    00.0  00.0  00.0  00.0    0.00
MudMinnows      0.15e-00  0.47    10. 0.01 16. 1.00 28. 1.00 32. 0.01  0.175    0.01000       30.  37.        0.016     0.070      0.000348    2.0   4.0  50.0  80.0     0.0   00.0   00.0   00.0     0.0  00.0  00.0  00.0    00.0  00.0  00.0  00.0    0.00
GoldenShiners   0.96e-01  0.23    12. 0.01 16. 1.00 28. 1.00 32. 0.01  0.175    0.00999       30.  37.        0.016     0.070      0.000348    2.0   4.0  50.0  80.0     0.0   00.0   00.0   00.0     0.0  00.0  00.0  00.0    00.0  00.0  00.0  00.0    0.00
Bluegill        0.74e-01  0.15    10. 0.01 24. 1.00 28. 1.00 32. 0.01  0.175    0.00554       30.  37.        0.016     0.070      0.000274    2.0   4.0  50.0  80.0     0.0   00.0   00.0   00.0     0.0  00.0  00.0  00.0    00.0  00.0  00.0  00.0    0.00
Crappie         0.56e-01  0.15     6. 0.01 18. 1.00 26. 1.00 30. 0.01  0.175    0.00509       30.  37.        0.014     0.068      0.000274    2.0   4.0  50.0  80.0     0.0    0.0    0.0    0.0    00.0   0.0   0.0   0.0    00.0  00.0  00.0  00.0    0.00
Pelagic Piscivorous Fish
Largemouth bass 1.66e-01  0.09    10. 0.01 20. 1.00 28. 1.00 32. 0.01  0.175    0.000209      30.  37.        0.020     0.070      0.000249    2.0   4.0  50.0  80.0     0.0    0.0    0.0    0.0    00.0   0.0   0.0   0.0    00.0  00.0  00.0  00.0    0.00
Pelagic Bacteria
Bacterioplankt  0.10e-04  0.70     6. 0.01 20. 1.00 28. 1.00 32. 0.01  0.00     0.40          30.  37.        0.000     0.00       0.001       1.0   4.0  50.0  80.0     0.0    0.0    0.0    0.0    00.0   0.0   0.0   0.0    00.0  00.0  00.0  00.0    0.00
Benthic Invertebrates
Ephemeroptera   0.21e-01  2.55     6. 0.01 12. 1.00 24. 1.00 28. 0.01  0.00     0.0018        30.  37.        0.020     0.003      0.005       1.0   4.0  50.0  80.0     0.0    0.0    0.0    0.0    00.0   0.0   0.0   0.0    00.0  00.0  00.0  00.0    0.00  
Damselflies     2.24e-01  2.60     8. 0.01 12. 1.00 26. 1.00 30. 0.01  0.00     0.0013        30.  37.        0.020     0.002      0.004       1.0   4.0  50.0  80.0     0.0    0.0    0.0    0.0    00.0   0.0   0.0   0.0    00.0  00.0  00.0  00.0    0.00
Leeches         1.60e-00  4.00     8. 0.01 14. 1.00 28. 1.00 32. 0.01  0.00     0.0018        32.  37.        0.000     0.006      0.001       1.0   4.0  50.0  80.0     0.0    0.0    0.0    0.0    00.0   0.0   0.0   0.0    00.0  00.0  00.0  00.0    0.00
Mosquitos       0.01e-00  4.25     8. 0.01 14. 1.00 28. 1.00 32. 0.01  0.00     0.0015        30.  37.        0.010     0.006      0.002       1.0   4.0  50.0  80.0     0.0    0.0    0.0    0.0    00.0   0.0   0.0   0.0    00.0  00.0  00.0  00.0    0.00
WaterBeetles    0.49e-02  2.20     6. 0.01 13. 1.00 28. 1.00 32. 0.01  0.00     0.0010        30.  37.        0.020     0.001      0.001       1.0   4.0  50.0  80.0     0.0    0.0    0.0    0.0    00.0   0.0   0.0   0.0    00.0  00.0  00.0  00.0    0.00
Benthic Omnivorous Fish
Crayfish        0.17e-01  0.45     6. 0.01 12. 1.00 28. 1.00 32. 0.01  0.175    0.00693       30.  37.        0.040     0.002      0.0002      2.0   5.0  50.0  80.0     0.0    0.0    0.0    0.0    00.0   0.0   0.0   0.0    00.0  00.0  00.0  00.0    0.00
Black bullhead  0.25e-01  0.49     6. 0.01 12. 1.00 28. 1.00 32. 0.01  0.175    0.00598       30.  37.        0.035     0.003      0.000248    1.0   3.0  50.0  80.0     0.0    0.0    0.0    0.0    00.0   0.0   0.0   0.0    00.0  00.0  00.0  00.0    0.00
Common carp     1.92e-01  0.23     8. 0.01 16. 1.00 28. 1.00 32. 0.01  0.175    0.00347       30.  37.        0.075     0.003      0.000137    1.0   4.0  50.0  80.0     0.0    0.0    0.0    0.0    00.0   0.0   0.0   0.0    00.0  00.0  00.0  00.0    0.00
Reptiles & Amphibians
ChorusFrog      0.11e-01  0.28    10. 0.01 20. 1.00 32. 1.00 36. 0.01  0.175    0.00504       32.  37.        0.020     0.040      0.00003     2.0   5.0  50.0  80.0     0.0    0.0    0.0    0.0    00.0   0.0   0.0   0.0    00.0  00.0  00.0  00.0    0.00
SilverSalamandr 0.13e-01  0.26    10. 0.01 20. 1.00 32. 1.00 36. 0.01  0.175    0.00591       32.  37.        0.020     0.060      0.00003     2.0   5.0  50.0  80.0     0.0    0.0    0.0    0.0    00.0   0.0   0.0   0.0    00.0  00.0  00.0  00.0    0.00
DuskySalamander 0.07e-01  0.26    10. 0.01 20. 1.00 32. 1.00 36. 0.01  0.175    0.00586       32.  37.        0.070     0.060      0.00003     2.0   5.0  50.0  80.0     0.0    0.0    0.0    0.0    00.0   0.0   0.0   0.0    00.0  00.0  00.0  00.0    0.00
MudTurtle       0.02e-01  0.26    10. 0.01 20. 1.00 32. 1.00 36. 0.01  0.175    0.00577       30.  37.        0.070     0.060      0.00003     2.0   5.0  50.0  80.0     0.0    0.0    0.0    0.0    00.0   0.0   0.0   0.0    00.0  00.0  00.0  00.0    0.00
SpottedTurtle   0.03e-01  0.25    12. 0.01 20. 1.00 32. 1.00 36. 0.01  0.175    0.00565       32.  37.        0.070     0.060      0.00003     2.0   5.0  50.0  80.0     0.0    0.0    0.0    0.0    00.0   0.0   0.0   0.0    00.0  00.0  00.0  00.0    0.00
Benthic Bacteria
Benth bacteria  0.10e-04  0.60     4. 0.01 10. 1.00 26. 1.00 30. 0.01  0.00     0.40          30.  37.        0.000     0.00       0.01        1.0   3.0  50.0  80.0     0.0    0.0    0.0    0.0    00.0   0.0   0.0   0.0    00.0  00.0  00.0  00.0    0.00
-----------------------------------------------------------------------------------------------------------------------------------------------------------------------------------------------------------------------------------------------------
bact xkn,xkp   1.000 00.05
fpp        fpn        fps        fpdo (gO2 released/gC fixed)
xxxxxxxxxx xxxxxxxxxx xxxxxxxxxx xxxxxxxxxx 
    0.0050     0.1509       3.16       3.50
fcp        fcn        fcs        fcdo (gO2 used/gC respired)
xxxxxxxxxx xxxxxxxxxx xxxxxxxxxx xxxxxxxxxx 
     .0244      0.176     0.0000       0.30
wetl  lgth      width      slope  (lgth, width in meters)
xxxxxxxxxx xxxxxxxxxx xxxxxxxxxx
      100.       100.        1.0   
decomposition parameters
      xxxx  xxxx  xxxx    
rcle  0.05  22.0  32.0
rcre  0.01  22.0  32.0
rclh  0.05  18.0  32.0
rclr  0.01  18.0  32.0
particulate carbon settling rate (1/d)
      xxxx
stl   0.05
light extinction parameters
exH20 exDOC exPOC exTIS
xxxxx xxxxx xxxxx xxxxx
0.032 0.060 0.240 0.060 
light attenuation fractional depths
fd1   fd2   fd3   fd4
xxxxx xxxxx xxxxx xxxxx
0.500 1.000 0.250 0.000 
Define food web file                                                                     
.\WL_Web_Data\web_casmWL.dat                                                                                            
Define environment file                                                                     
.\WL_Env_Data\env_casmWL.dat                                   
