CASM    Generic wetland environmental data Apr 2016  S.M. Bartell                                             
                    Te      Th     I0      N       P       Si      depth   velocityTIS     POCe    wind    sal
        DOY         C       C      eins/m2 mg/L    mg/L    mg/L    m       m/s     mg/L    mg/L    m/s     psu
--------------------------------------------------------------------------------------------------------------
       1   6.670   6.670  20.750   0.935   0.328   5.990   0.305   0.000  12.390   3.340   4.460   0.000
       2   6.330   6.330  20.650   1.075   0.128   8.440   0.318   0.000   4.980   1.340   5.530   0.000
       3   6.000   6.000  21.810   1.257   0.136   9.037   0.321   0.000  14.530   3.920   3.980   0.000
       4   5.670   5.670  24.630   0.983   0.288   8.545   0.542   0.000  31.500   8.500   5.450   0.000
       5   5.330   5.330  22.170   1.038   0.320   8.900   0.337   0.000   7.530   2.030   9.210   0.000
       6   5.330   5.330  16.610   0.980   0.160   8.993   0.306   0.000   3.950   1.070   7.250   0.000
       7   5.000   5.000  26.160   0.929   0.248   9.100   0.296   0.000   2.160   0.580   5.310   0.000
       8   4.670   4.670  28.040   0.907   0.152   9.553   0.288   0.000  18.820   5.080   1.800   0.000
       9   4.330   4.330  26.400   0.799   0.128  10.137   0.260   0.000   5.900   1.590   5.280   0.000
      10   4.330   4.330  26.500   0.856   0.216   8.983   0.256   0.000  95.020  25.630   8.480   0.000
      11   4.670   4.670  24.840   1.018   0.280   9.307   0.400   0.000  23.640   6.380   8.150   0.000
      12   4.670   4.670  30.710   0.942   0.232   9.465   0.319   0.000   8.650   2.330   5.860   0.000
      13   4.330   4.330  18.470   0.689   0.096  10.080   0.247   0.000   2.990   0.810   4.040   0.000
      14   4.330   4.330  22.770   0.852   0.096   9.293   0.266   0.000   3.520   0.950   3.450   0.000
      15   4.330   4.330  25.670   0.829   0.080   9.053   0.265   0.000   4.530   1.220   4.630   0.000
      16   4.000   4.000  24.250   0.783   0.064   9.035   0.260   0.000   3.370   0.910   9.550   0.000
      17   4.000   4.000  23.590   0.753   0.064   9.035   0.271   0.000   4.170   1.120   7.700   0.000
      18   4.000   4.000  27.070   0.835   0.072   8.800   0.271   0.000   3.700   1.000   6.400   0.000
      19   4.000   4.000  30.600   0.802   0.064   9.035   0.262   0.000   2.890   0.780   3.500   0.000
      20   4.000   4.000  32.170   0.749   0.064   9.170   0.258   0.000   2.870   0.780   5.640   0.000
      21   4.000   4.000  28.970   0.867   0.032   9.370   0.260   0.000   2.810   0.760   4.330   0.000
      22   3.670   3.670  21.450   0.827   0.024   6.730   0.269   0.000   1.940   0.520   9.450   0.000
      23   4.000   4.000  21.370   0.779   0.240   6.925   0.533   0.000  22.720   6.130   4.780   0.000
      24   4.000   4.000  26.000   0.826   0.616   6.572   0.408   0.000   7.520   2.030   3.750   0.000
      25   3.670   3.670  25.230   0.829   3.032   7.115   0.311   0.000   3.860   1.040   7.980   0.000
      26   4.000   4.000  32.970   1.042   1.760   7.240   0.374   0.000  13.760   3.710   4.070   0.000
      27   4.000   4.000  27.110   1.241   1.240   7.403   0.386   0.000 124.500  33.580   4.100   0.000
      28   4.000   4.000  29.150   1.184   0.760   8.493   0.305   0.000   9.350   2.520   6.190   0.000
      29   4.000   4.000  24.940   1.006   0.456   8.158   0.281   0.000   3.700   1.000   2.330   0.000
      30   4.330   4.330  23.480   1.001   0.368   8.468   0.292   0.000   9.790   2.640   2.970   0.000
      31   4.000   4.000  30.820   1.093   0.216   8.593   0.280   0.000   3.430   0.930   5.800   0.000
      32   4.000   4.000  33.470   1.009   1.128  11.393   0.266   0.000   1.830   0.490   4.460   0.000
      33   4.000   4.000  30.500   0.977   0.584   9.494   0.391   0.000  17.750   4.790   1.550   0.000
      34   4.000   4.000  27.440   1.217   0.696   8.756   0.645   0.000  31.260   8.430   4.590   0.000
      35   4.330   4.330  30.390   1.317   0.672   9.028   0.360   0.000  10.170   2.740   6.270   0.000
      36   4.000   4.000  31.030   1.239   0.312   9.845   0.337   0.000   9.400   2.540   6.060   0.000
      37   3.670   3.670  27.680   0.934   0.216   8.190   0.294   0.000   5.310   1.430   4.440   0.000
      38   3.670   3.670  32.640   0.901   0.144   8.003   0.270   0.000   3.920   1.060   2.450   0.000
      39   3.670   3.670  37.160   0.876   0.168   8.248   0.258   0.000   2.310   0.620   5.410   0.000
      40   3.670   3.670  35.410   0.895   0.168  10.152   0.262   0.000   3.160   0.850   1.520   0.000
      41   4.000   4.000  33.660   0.846   0.160   9.444   0.263   0.000   2.170   0.590   2.290   0.000
      42   4.000   4.000  34.400   0.759   0.688   7.044   0.555   0.000  43.760  11.800   4.390   0.000
      43   4.000   4.000  43.730   0.982   0.584   6.785   0.421   0.000  13.560   3.660   5.560   0.000
      44   4.330   4.330  42.500   1.030   0.264   7.763   0.378   0.000  10.110   2.730   4.480   0.000
      45   4.330   4.330  45.760   1.034   0.264   7.730   0.463   0.000  24.110   6.500   3.070   0.000
      46   5.000   5.000  39.450   0.947   0.224   7.925   0.359   0.000  10.160   2.740   5.070   0.000
      47   5.000   5.000  37.460   0.968   0.192   7.878   0.356   0.000  35.510   9.580   4.710   0.000
      48   5.670   5.670  29.770   1.437   0.280   9.260   0.404   0.000  14.980   4.040   4.220   0.000
      49   5.670   5.670  33.940   1.474   0.160  10.366   0.374   0.000   6.830   1.840   7.930   0.000
      50   5.330   5.330  35.260   1.591   0.240  10.016   0.454   0.000  49.830  13.440   6.430   0.000
      51   6.330   6.330  35.790   1.030   0.184   7.343   0.292   0.000   3.710   1.000   3.660   0.000
      52   6.670   6.670  36.920   0.971   0.168   7.005   0.289   0.000   3.350   0.910   8.460   0.000
      53   7.000   7.000  38.680   1.331   0.800   5.270   0.695   0.000  48.260  13.020   8.080   0.000
      54   7.670   7.670  39.970   1.607   0.448   7.748   0.815   0.000  34.650   9.350   4.790   0.000
      55   7.670   7.670  32.490   1.589   0.288   8.204   0.573   0.000  15.130   4.080   3.480   0.000
      56   8.000   8.000  41.830   1.539   0.152   8.566   0.424   0.000   7.610   2.050   3.130   0.000
      57   8.330   8.330  51.940   1.411   0.128   9.472   0.379   0.000  10.870   2.930   3.570   0.000
      58   7.330   7.330  45.010   1.266   0.152   9.528   0.351   0.000   7.850   2.120   7.660   0.000
      59   6.670   6.670  47.630   1.327   0.104   9.208   0.336   0.000   8.420   2.270   2.940   0.000
      60   6.330   6.330  46.520   1.264   0.064  11.205   0.317   0.000   6.680   2.400   5.330   0.000
      61   6.330   6.330  55.670   1.445   0.176   6.345   0.294   0.000  69.760  25.090   5.050   0.000
      62   6.670   6.670  63.430   0.934   0.104   6.793   0.297   0.000   5.850   2.100   5.700   0.000
      63   7.000   7.000  40.850   0.916   0.080   5.943   0.359   0.000  17.160   6.170   2.990   0.000
      64   8.000   8.000  41.870   1.156   0.272   7.930   0.420   0.000  26.730   9.620   4.380   0.000
      65   8.330   8.330  43.350   1.283   0.368   7.715   0.380   0.000  12.680   4.560   6.620   0.000
      66   8.330   8.330  48.850   1.190   0.304   8.163   0.352   0.000  13.660   4.910   4.290   0.000
      67   8.670   8.670  41.130   0.904   0.352   5.243   0.268   0.000  84.530  30.400   5.590   0.000
      68   8.330   8.330  50.310   1.124   0.304   8.690   0.391   0.000  21.670   7.790   5.800   0.000
      69   8.330   8.330  39.000   1.128   0.184   8.873   0.367   0.000  17.470   6.280   5.430   0.000
      70   7.670   7.670  43.570   1.126   0.176   9.093   0.330   0.000  14.880   5.350   4.660   0.000
      71   8.000   8.000  62.280   1.180   0.192   8.958   0.344   0.000  12.610   4.540   1.740   0.000
      72   7.330   7.330  55.660   1.327   0.240   9.138   0.303   0.000   8.950   3.220   5.530   0.000
      73   7.670   7.670  59.250   1.172   0.160   8.385   0.293   0.000   4.920   1.770   7.540   0.000
      74   8.000   8.000  57.320   1.071   0.160   8.960   0.287   0.000   5.560   2.000   7.330   0.000
      75   8.330   8.330  48.730   1.103   0.280   7.977   0.761   0.000  32.910  11.840   2.840   0.000
      76   9.000   9.000  45.140   1.209   0.264   6.995   0.419   0.000  20.070   7.220   5.260   0.000
      77   8.000   8.000  44.860   1.340   0.232   7.840   0.377   0.000  10.520   3.780   6.010   0.000
      78   8.330   8.330  37.980   0.986   0.120   8.273   0.311   0.000   6.720   2.420   4.410   0.000
      79   8.000   8.000  37.620   1.235   0.152   7.655   0.338   0.000   8.950   3.220   3.040   0.000
      80   7.330   7.330  43.460   1.354   0.256   7.463   0.282   0.000  92.460  33.250   4.000   0.000
      81   6.670   6.670  51.900   1.352   0.224   7.670   0.368   0.000  32.560  11.710   5.320   0.000
      82   7.000   7.000  62.110   1.130   0.144   7.733   0.318   0.000  31.690  11.400   4.170   0.000
      83   7.000   7.000  52.810   1.008   0.120   6.218   0.305   0.000  11.800   4.250   3.670   0.000
      84   7.330   7.330  53.210   1.063   0.136   5.473   0.347   0.000  13.370   4.810   6.910   0.000
      85   7.330   7.330  58.450   0.903   0.112   5.155   0.301   0.000   8.720   3.140   5.300   0.000
      86   8.330   8.330  55.130   1.095   0.168   6.210   0.331   0.000   9.970   3.590   5.800   0.000
      87   9.330   9.330  53.680   1.138   0.152   9.030   0.331   0.000   8.770   3.160   5.720   0.000
      88   9.670   9.670  58.670   1.755   0.192   8.305   0.446   0.000  23.350   8.400   6.520   0.000
      89  10.330  10.330  47.110   1.660   0.136   8.018   0.400   0.000  14.390   5.180   4.360   0.000
      90   9.330   9.330  71.610   1.557   0.192   7.533   0.564   0.000  40.900  14.710   6.440   0.000
      91   9.000   9.000  75.180   1.492   0.120   6.783   0.403   0.000   7.820   3.120   2.340   0.000
      92   9.670   9.670  62.600   1.321   0.096   6.450   0.341   0.000   5.980   2.390   1.820   0.000
      93  10.000  10.000  45.050   1.526   0.112   8.362   0.378   0.000   7.940   3.170   3.380   0.000
      94  10.330  10.330  41.170   1.521   0.200   8.582   0.438   0.000  43.940  17.540   2.370   0.000
      95  10.670  10.670  55.200   1.413   0.200   8.315   0.357   0.000  13.560   5.410   6.560   0.000
      96  11.330  11.330  59.980   1.591   0.120   8.730   0.416   0.000  14.520   5.790   9.070   0.000
      97  11.330  11.330  68.730   1.478   0.104   8.136   0.340   0.000   9.350   3.730   9.350   0.000
      98  10.330  10.330  66.030   1.382   0.088   8.562   0.312   0.000   4.570   1.820   6.020   0.000
      99  10.670  10.670  56.290   1.301   0.160   7.450   0.342   0.000  30.690  12.250   4.870   0.000
     100  10.670  10.670  63.980   1.543   0.216   7.808   0.426   0.000  21.980   8.770   1.190   0.000
     101  10.330  10.330  68.420   1.322   0.120   7.118   0.327   0.000   7.780   3.100   2.780   0.000
     102  10.330  10.330  63.520   1.167   0.224   9.874   0.402   0.000  18.260   7.290   4.110   0.000
     103  10.670  10.670  53.840   2.253   0.160   9.750   0.339   0.000  10.840   4.330   6.900   0.000
     104  12.000  12.000  59.240   1.649   0.216   9.030   0.552   0.000  80.070  31.950   2.110   0.000
     105  14.000  14.000  71.080   1.654   0.304  10.302   0.435   0.000  35.090  14.010   2.560   0.000
     106  14.000  14.000  69.940   1.555   0.208  10.830   0.351   0.000  11.700   4.670   4.540   0.000
     107  13.330  13.330  52.560   1.366   0.128   9.834   0.316   0.000  10.860   4.330   5.600   0.000
     108  13.000  13.000  75.930   1.272   0.056   8.902   0.312   0.000   6.720   2.680   4.160   0.000
     109  13.330  13.330  69.230   1.204   0.048   7.816   0.296   0.000   5.290   2.110   1.190   0.000
     110  13.670  13.670  78.610   1.145   0.040   8.040   0.289   0.000   3.090   1.230   2.040   0.000
     111  13.670  13.670  88.780   1.181   0.024   7.828   0.284   0.000   3.700   1.480   2.430   0.000
     112  14.330  14.330  69.940   0.724   0.072   4.335   0.364   0.000  87.720  35.010   4.430   0.000
     113  15.000  15.000  73.660   0.950   0.112   5.880   0.402   0.000   8.540   3.410   4.300   0.000
     114  14.330  14.330  66.890   0.915   0.152   5.610   0.399   0.000   9.970   3.980   3.210   0.000
     115  14.000  14.000  79.990   0.842   0.176   3.898   0.346   0.000   8.760   3.500   3.850   0.000
     116  14.000  14.000  78.630   0.736   0.104   3.580   0.301   0.000   7.290   2.910   1.430   0.000
     117  16.000  16.000  76.760   0.609   0.184   4.568   0.313   0.000  32.510  12.980   3.280   0.000
     118  17.670  17.670  74.090   0.653   0.184   5.720   0.313   0.000   8.050   3.210   4.180   0.000
     119  18.000  18.000  67.070   1.017   0.304   7.256   0.506   0.000   4.110   1.640   2.360   0.000
     120  17.330  17.330  63.060   0.769   0.400   8.382   0.355   0.000  12.690   5.060   6.160   0.000
     121  17.670  17.670  80.650   1.140   0.264   8.868   0.437   0.000  13.480   6.840   9.260   0.000
     122  16.670  16.670  84.640   0.889   0.248   8.418   0.535   0.000  46.590  23.660   4.180   0.000
     123  16.330  16.330  77.270   0.722   0.080   8.112   0.482   0.000  41.800  21.230   6.400   0.000
     124  16.330  16.330  92.480   0.773   0.168   6.708   0.398   0.000   8.080   4.100   3.560   0.000
     125  16.330  16.330  83.040   0.616   0.088   5.950   0.258   0.000   4.390   2.230   6.940   0.000
     126  16.670  16.670  83.520   1.013   0.208   7.335   0.332   0.000  14.280   7.250   6.840   0.000
     127  16.000  16.000  74.020   0.801   0.104   4.073   0.270   0.000   6.120   3.110   1.940   0.000
     128  17.000  17.000  69.650   0.688   0.080   7.270   0.262   0.000   6.730   3.420   4.340   0.000
     129  16.670  16.670  75.160   0.672   0.080   7.620   0.260   0.000   5.720   2.900   5.860   0.000
     130  16.670  16.670  85.080   0.733   0.056   7.942   0.271   0.000   6.420   3.260   6.580   0.000
     131  17.000  17.000  82.770   1.022   0.240   5.250   0.347   0.000  16.710   8.490   4.750   0.000
     132  17.670  17.670  90.940   0.718   0.208   5.980   0.413   0.000  15.170   7.700   6.650   0.000
     133  19.000  19.000  76.620   0.678   0.136   5.820   0.298   0.000   7.190   3.650   2.690   0.000
     134  20.000  20.000  70.770   0.426   0.088   5.190   0.256   0.000   7.060   3.590   2.900   0.000
     135  19.670  19.670  73.350   0.413   0.072   5.247   0.252   0.000   6.100   3.100   7.000   0.000
     136  18.670  18.670 100.400   0.960   0.256   6.490   0.330   0.000   9.860   5.010   5.350   0.000
     137  18.000  18.000  84.950   0.979   0.168   5.933   0.287   0.000  10.530   5.350   5.210   0.000
     138  17.330  17.330  70.080   2.135   0.392   9.173   0.354   0.000  16.320   8.290   4.070   0.000
     139  17.330  17.330  65.850   2.531   0.208  10.027   0.291   0.000   5.710   2.900   5.960   0.000
     140  18.000  18.000  81.800   1.699   0.168   8.955   0.273   0.000   3.600   1.830   3.020   0.000
     141  19.000  19.000  82.400   2.248   0.128   8.357   0.266   0.000   6.670   3.390   4.350   0.000
     142  18.670  18.670  90.640   1.643   0.216   7.645   0.299   0.000   6.170   3.130   2.810   0.000
     143  19.000  19.000  76.740   1.320   0.328   7.028   0.280   0.000   7.100   3.610   2.010   0.000
     144  19.330  19.330  93.690   0.938   0.152   8.006   0.290   0.000  53.660  27.240   2.890   0.000
     145  19.670  19.670  71.720   1.128   0.312   7.358   0.479   0.000  47.140  23.940   3.910   0.000
     146  20.330  20.330  86.850   0.953   0.072   7.370   0.250   0.000   5.860   2.970   7.130   0.000
     147  20.330  20.330  85.300   0.627   0.432   7.380   0.306   0.000  13.670   6.940   6.780   0.000
     148  20.000  20.000  67.330   1.353   0.288   6.070   0.306   0.000  17.810   9.040   5.130   0.000
     149  19.670  19.670  73.040   3.328   0.264   7.783   0.314   0.000  18.600   9.450   5.600   0.000
     150  19.330  19.330  69.640   2.582   0.328   9.116   0.287   0.000  14.770   7.500   3.880   0.000
     151  18.330  18.330  95.620   2.425   0.216   9.535   0.285   0.000  18.590   9.440   3.450   0.000
     152  18.670  18.670  78.420   1.560   0.072   8.188   0.261   0.000   9.260   5.380   7.860   0.000
     153  18.670  18.670  89.280   1.273   0.168   7.446   0.389   0.000  47.580  27.640   4.520   0.000
     154  19.000  19.000  79.110   1.192   0.184   7.510   0.370   0.000  18.850  10.950   5.750   0.000
     155  20.000  20.000  88.670   0.761   0.176   8.308   0.298   0.000  13.310   7.730   3.960   0.000
     156  19.670  19.670  88.540   1.179   0.152   7.668   0.277   0.000  11.400   6.620   3.590   0.000
     157  21.000  21.000  85.400   1.012   0.128   7.784   0.269   0.000  11.750   6.830   4.330   0.000
     158  20.670  20.670  94.340   1.052   0.176   6.993   0.278   0.000  12.100   7.030   5.110   0.000
     159  22.000  22.000  97.810   0.899   0.288   7.453   0.342   0.000  35.070  20.370   4.510   0.000
     160  23.000  23.000  87.020   1.461   0.152   6.020   0.281   0.000  14.420   8.380   4.330   0.000
     161  23.000  23.000  99.740   1.134   0.160   6.023   0.267   0.000  12.810   7.440   0.730   0.000
     162  23.670  23.670 112.090   0.588   0.304   8.095   0.230   0.000  12.850   7.460   1.540   0.000
     163  23.670  23.670  94.630   1.720   0.232   8.545   0.267   0.000  12.350   7.180   2.740   0.000
     164  23.000  23.000  93.680   2.402   0.208   8.495   0.249   0.000  24.220  14.070   2.450   0.000
     165  24.000  24.000  91.800   1.480   0.384   9.043   0.243   0.000  25.610  14.880   4.640   0.000
     166  24.000  24.000  83.120   1.117   0.528   8.233   0.230   0.000  25.000  14.530   2.870   0.000
     167  23.000  23.000  73.600   0.943   0.512   7.993   0.230   0.000  19.130  11.120   5.890   0.000
     168  23.000  23.000  98.520   1.331   0.352   8.393   0.229   0.000  27.450  15.950   3.110   0.000
     169  23.670  23.670  99.820   2.420   0.184  10.740   0.354   0.000   7.840   4.560   3.030   0.000
     170  24.330  24.330  78.840   2.570   0.176  11.053   0.261   0.000  10.230   5.940   3.230   0.000
     171  23.330  23.330  90.060   0.342   0.048   9.250   0.228   0.000  13.190   7.670   4.390   0.000
     172  23.330  23.330  95.680   0.616   0.160  10.153   0.227   0.000  21.890  12.720   4.890   0.000
     173  23.670  23.670 104.840   0.528   0.472   9.240   0.227   0.000  68.210  39.630   2.910   0.000
     174  24.000  24.000  94.630   1.372   0.264   9.607   0.227   0.000  25.420  14.770   1.660   0.000
     175  24.670  24.670  94.510   1.051   0.240  10.240   0.227   0.000  19.030  11.050   3.650   0.000
     176  25.330  25.330 107.110   1.388   0.384   8.583   0.228   0.000  65.620  38.120   5.940   0.000
     177  24.670  24.670 112.070   1.134   0.280   9.297   0.246   0.000  19.510  11.330   2.850   0.000
     178  24.330  24.330  95.490   0.912   0.216   8.877   0.246   0.000  17.710  10.290   1.930   0.000
     179  25.000  25.000  88.580   0.658   0.216   9.905   0.227   0.000  18.600  10.810   2.650   0.000
     180  24.000  24.000  69.060   0.683   0.264   9.163   0.228   0.000  20.120  11.690   3.320   0.000
     181  24.330  24.330  74.920   0.839   0.392  10.003   0.227   0.000  17.680  10.270   3.860   0.000
     182  24.330  24.330  94.880   0.698   0.328  10.370   0.227   0.000  13.140   8.330   2.500   0.000
     183  24.000  24.000  86.240   0.966   0.320  10.422   0.455   0.000  31.990  20.270   3.260   0.000
     184  23.670  23.670  92.080   1.016   0.088  10.975   0.235   0.000  10.520   6.670   4.690   0.000
     185  24.330  24.330  73.150   1.143   0.248  11.362   0.249   0.000  14.450   9.160   4.350   0.000
     186  25.000  25.000  80.670   1.116   0.288  10.326   0.249   0.000 127.120  80.550   2.690   0.000
     187  24.330  24.330  95.490   2.029   0.344  10.906   0.242   0.000  32.170  20.390   3.130   0.000
     188  24.000  24.000 104.280   1.575   0.288  11.274   0.250   0.000  19.050  12.070   2.340   0.000
     189  23.670  23.670  92.910   1.634   0.304  11.580   0.232   0.000  11.740   7.440   4.660   0.000
     190  24.330  24.330  78.790   1.306   0.248  11.602   0.229   0.000  12.930   8.190   4.670   0.000
     191  24.670  24.670  99.990   1.084   0.224  11.064   0.260   0.000  18.190  11.530   2.710   0.000
     192  24.670  24.670  95.600   1.273   0.400  10.438   0.325   0.000  20.540  13.020   1.670   0.000
     193  25.670  25.670  95.400   1.327   0.280  11.154   0.240   0.000  13.690   8.680   0.680   0.000
     194  26.000  26.000  98.160   1.313   0.240  11.032   0.229   0.000  15.180   9.620   1.440   0.000
     195  26.000  26.000 111.970   0.778   0.216  11.356   0.228   0.000  11.950   7.570   3.660   0.000
     196  26.000  26.000  98.270   0.593   0.192  11.510   0.227   0.000  11.930   7.560   3.220   0.000
     197  25.670  25.670  98.700   0.405   0.136  11.614   0.227   0.000  13.010   8.250   2.280   0.000
     198  25.670  25.670  92.800   0.309   0.152  11.518   0.227   0.000  12.180   7.720   3.630   0.000
     199  25.670  25.670  89.510   0.311   0.184  10.776   0.229   0.000  22.460  14.240   2.960   0.000
     200  26.000  26.000  85.760   0.291   0.144  10.904   0.227   0.000  11.860   7.510   3.650   0.000
     201  26.000  26.000  84.350   0.233   0.160  11.208   0.227   0.000  10.610   6.730   1.800   0.000
     202  26.670  26.670  93.790   0.593   0.256  10.670   0.227   0.000  16.150  10.230   1.720   0.000
     203  26.670  26.670  82.370   0.712   0.368  10.752   0.229   0.000  22.060  13.980   3.020   0.000
     204  26.000  26.000  98.680   0.472   0.232  11.838   0.227   0.000  15.080   9.550   3.670   0.000
     205  27.000  27.000  95.450   0.509   0.232  12.460   0.228   0.000  11.540   7.310   3.700   0.000
     206  27.670  27.670  94.180   0.448   0.200  13.695   0.232   0.000  11.850   7.510   1.150   0.000
     207  27.000  27.000  81.410   0.245   0.144  12.402   0.227   0.000  11.060   7.010   3.290   0.000
     208  26.670  26.670  77.590   0.195   0.128  11.938   0.235   0.000  16.160  10.240   2.460   0.000
     209  25.670  25.670  78.810   0.441   0.184  11.913   0.228   0.000  15.630   9.900   2.850   0.000
     210  26.330  26.330  97.010   0.549   0.288  11.778   0.245   0.000  19.320  12.240   4.410   0.000
     211  27.330  27.330  97.480   0.443   0.224  12.808   0.264   0.000  10.850   6.870   4.020   0.000
     212  26.000  26.000  86.950   0.356   0.168  10.853   0.229   0.000   9.370   5.940   1.510   0.000
     213  26.000  26.000  92.300   0.253   0.120  10.415   0.230   0.000   7.060   5.290   1.910   0.000
     214  26.000  26.000  69.420   0.208   0.144  10.793   0.228   0.000   6.040   4.530   3.280   0.000
     215  26.330  26.330  67.630   0.162   0.144  10.448   0.229   0.000   4.470   3.350   1.760   0.000
     216  26.670  26.670  63.340   0.379   0.352  10.068   0.280   0.000  15.630  11.720   3.790   0.000
     217  26.670  26.670  72.290   0.309   0.240  10.218   0.260   0.000  11.200   8.400   3.940   0.000
     218  27.000  27.000  82.640   0.274   0.296  10.805   0.240   0.000  18.330  13.740   1.810   0.000
     219  27.330  27.330  79.310   0.259   0.248  11.800   0.238   0.000   9.250   6.940   0.890   0.000
     220  27.670  27.670  82.960   0.188   0.184  10.873   0.230   0.000   9.670   7.250   1.390   0.000
     221  27.670  27.670  85.980   0.177   0.064  10.564   0.227   0.000   9.490   7.120   3.520   0.000
     222  27.330  27.330  81.190   0.157   0.112  10.460   0.227   0.000   9.700   7.270   2.730   0.000
     223  27.000  27.000  72.310   0.147   0.160   9.876   0.227   0.000  12.040   9.030   2.550   0.000
     224  26.670  26.670  86.550   0.231   0.176  10.254   0.228   0.000   7.690   5.770   3.670   0.000
     225  26.670  26.670  90.260   0.205   0.168  10.278   0.227   0.000   7.960   5.970   3.670   0.000
     226  26.000  26.000  85.350   0.181   0.152  12.022   0.227   0.000   8.980   6.730   1.460   0.000
     227  26.670  26.670  76.890   0.181   0.184  12.078   0.239   0.000   8.300   6.220   4.920   0.000
     228  26.330  26.330  83.070   0.247   0.256  11.412   0.236   0.000   9.250   6.940   4.520   0.000
     229  26.670  26.670  83.570   0.256   0.200  11.402   0.231   0.000   9.480   7.110   2.820   0.000
     230  27.330  27.330  82.100   0.351   0.336  11.434   0.298   0.000  15.210  11.400   3.730   0.000
     231  26.670  26.670  90.730   0.303   0.288  11.404   0.245   0.000   9.450   7.080   2.880   0.000
     232  27.000  27.000  82.280   0.143   0.112  12.078   0.229   0.000   6.010   4.500   2.250   0.000
     233  27.000  27.000  85.350   0.103   0.104  13.105   0.232   0.000   6.950   5.210   4.120   0.000
     234  26.330  26.330  66.330   0.093   0.080  11.500   0.229   0.000   6.730   5.040   4.560   0.000
     235  25.670  25.670  76.970   0.098   0.104  11.615   0.238   0.000   7.000   5.250   3.070   0.000
     236  26.000  26.000  87.030   0.099   0.112  12.138   0.228   0.000   7.060   5.290   2.970   0.000
     237  25.670  25.670  87.280   0.203   0.144  11.092   0.239   0.000   5.010   3.760   1.670   0.000
     238  24.670  24.670  78.070   0.168   0.136  11.198   0.244   0.000   5.420   4.070   0.930   0.000
     239  24.670  24.670  80.560   0.156   0.096  10.770   0.251   0.000   6.180   4.640   2.030   0.000
     240  25.000  25.000  69.300   0.139   0.088   9.672   0.249   0.000   6.820   5.110   2.790   0.000
     241  25.330  25.330  75.870   0.096   0.112   9.903   0.229   0.000   5.130   3.840   1.940   0.000
     242  26.000  26.000  66.450   0.155   0.176   9.410   0.228   0.000  14.820  11.110   1.490   0.000
     243  26.000  26.000  60.050   0.287   0.344   9.700   0.241   0.000  48.520  36.380   2.780   0.000
     244  25.330  25.330  62.510   0.758   0.608  11.058   0.233   0.000  11.170   9.860   0.950   0.000
     245  25.330  25.330  66.330   0.817   0.624   9.085   0.229   0.000  22.830  20.150   1.530   0.000
     246  25.000  25.000  62.840   0.881   0.528  10.453   0.228   0.000  16.650  14.700   5.840   0.000
     247  25.330  25.330  69.560   1.021   0.480  12.514   0.227   0.000  13.770  12.150   2.440   0.000
     248  25.670  25.670  71.580   0.357   0.512  10.740   0.232   0.000  12.860  11.350   2.110   0.000
     249  25.000  25.000  61.330   0.679   0.504  10.190   0.228   0.000  17.530  15.470   3.640   0.000
     250  25.670  25.670  58.350   1.139   0.512  10.167   0.282   0.000  22.460  19.830   2.060   0.000
     251  25.330  25.330  83.470   1.056   0.632  11.193   0.238   0.000   8.410   7.420   2.030   0.000
     252  24.000  24.000  73.970   0.787   0.536  11.557   0.230   0.000   7.870   6.940   2.900   0.000
     253  24.330  24.330  74.030   0.612   0.368  12.560   0.229   0.000   7.470   6.590   3.070   0.000
     254  24.670  24.670  68.650   0.383   0.312  11.568   0.227   0.000   6.090   5.370   2.520   0.000
     255  23.000  23.000  71.320   0.283   0.224  10.888   0.229   0.000   6.070   5.360   2.830   0.000
     256  22.670  22.670  74.260   0.214   0.216  10.855   0.234   0.000   4.630   4.090   0.570   0.000
     257  22.670  22.670  54.230   0.184   0.248  10.550   0.227   0.000   5.220   4.610   0.710   0.000
     258  21.330  21.330  49.460   0.110   0.176  10.335   0.227   0.000   6.060   5.350   0.990   0.000
     259  21.670  21.670  53.800   0.108   0.208  10.148   0.229   0.000   4.570   4.030   2.040   0.000
     260  22.000  22.000  60.360   0.489   0.368   9.813   0.238   0.000  16.900  14.920   4.680   0.000
     261  20.670  20.670  65.920   0.592   0.328  11.313   0.233   0.000  11.030   9.740   1.830   0.000
     262  21.670  21.670  71.830   0.433   0.496  10.733   0.243   0.000   7.680   6.780   4.370   0.000
     263  21.670  21.670  62.580   0.320   0.384  11.073   0.251   0.000   6.920   6.110   3.640   0.000
     264  23.000  23.000  67.210   0.385   0.288  10.150   0.289   0.000  18.360  16.210   2.960   0.000
     265  22.000  22.000  52.830   0.573   0.208  10.212   0.267   0.000   9.980   8.810   1.110   0.000
     266  22.000  22.000  49.870   0.429   0.344  10.698   0.277   0.000   6.410   5.660   2.090   0.000
     267  22.000  22.000  60.830   0.493   0.800   9.912   0.261   0.000   6.430   5.670   2.400   0.000
     268  21.000  21.000  47.490   0.394   0.568  10.230   0.254   0.000   4.790   4.230   4.280   0.000
     269  20.670  20.670  56.660   0.333   0.272   9.988   0.260   0.000   5.340   4.720   2.830   0.000
     270  21.330  21.330  50.850   0.189   0.200  10.292   0.256   0.000   3.970   3.500   2.770   0.000
     271  19.670  19.670  58.920   0.139   0.184  10.146   0.247   0.000   4.420   3.900   3.010   0.000
     272  19.000  19.000  61.360   0.107   0.168  10.125   0.246   0.000   3.370   2.970   5.940   0.000
     273  18.000  18.000  56.400   0.083   0.176   9.878   0.245   0.000   2.690   2.380   5.470   0.000
     274  18.000  18.000  46.460   0.076   0.168   8.980   0.233   0.000   2.740   1.970   3.850   0.000
     275  17.670  17.670  59.470   0.062   0.168   8.860   0.227   0.000   4.510   3.250   3.010   0.000
     276  17.330  17.330  58.440   0.023   0.152   9.303   0.244   0.000   3.420   2.460   4.310   0.000
     277  18.000  18.000  47.550   0.195   0.160  10.083   0.264   0.000   9.920   7.140   3.830   0.000
     278  18.000  18.000  45.480   0.583   0.288   9.680   0.607   0.000  52.640  37.870   2.510   0.000
     279  17.670  17.670  56.130   0.904   0.632   8.617   0.426   0.000  29.180  20.990   3.570   0.000
     280  16.670  16.670  43.710   0.753   0.672   9.953   0.336   0.000   7.510   5.410   2.240   0.000
     281  16.330  16.330  50.860   0.591   0.424  10.250   0.282   0.000   3.930   2.830   1.760   0.000
     282  16.330  16.330  45.400   0.439   0.352  10.607   0.263   0.000   5.620   4.040   4.520   0.000
     283  17.330  17.330  47.570   0.366   0.288  10.827   0.253   0.000   3.740   2.690   2.650   0.000
     284  18.330  18.330  46.650   0.321   0.256  10.800   0.247   0.000   3.910   2.820   1.480   0.000
     285  18.330  18.330  40.310   0.279   0.216  11.067   0.243   0.000   3.420   2.460   3.350   0.000
     286  17.330  17.330  43.460   0.554   0.264   9.740   0.385   0.000  32.100  23.090   7.000   0.000
     287  17.670  17.670  43.390   0.627   0.312  10.860   0.354   0.000   7.570   5.440   4.530   0.000
     288  18.670  18.670  42.150   0.493   0.288  10.677   0.278   0.000   4.380   3.150   2.260   0.000
     289  18.330  18.330  51.570   0.368   0.248  10.867   0.267   0.000   5.990   4.310   4.170   0.000
     290  17.330  17.330  44.100   0.305   0.168  10.847   0.267   0.000   3.680   2.650   3.840   0.000
     291  17.330  17.330  43.620   0.268   0.160  11.387   0.250   0.000   4.070   2.930   1.980   0.000
     292  17.670  17.670  36.740   0.233   0.160  12.197   0.248   0.000   3.210   2.310   1.160   0.000
     293  17.670  17.670  38.660   0.241   0.200  11.997   0.247   0.000   2.870   2.060   4.140   0.000
     294  17.330  17.330  34.010   0.248   0.192  11.320   0.246   0.000   9.570   6.890   3.040   0.000
     295  17.330  17.330  32.000   0.427   0.200  11.397   0.280   0.000   8.240   5.930   3.070   0.000
     296  16.670  16.670  35.830   0.594   0.456  11.453   0.428   0.000   8.460   6.090   2.060   0.000
     297  17.000  17.000  45.890   0.557   0.328  12.123   0.331   0.000   5.250   3.770   2.840   0.000
     298  17.000  17.000  31.790   0.443   0.272  12.697   0.284   0.000   3.520   2.530   4.620   0.000
     299  16.330  16.330  30.080   0.433   0.320  12.125   0.260   0.000   3.780   2.720   5.440   0.000
     300  16.670  16.670  37.550   0.381   0.232  12.288   0.254   0.000   3.640   2.620   5.370   0.000
     301  16.670  16.670  40.130   0.413   0.176  12.733   0.253   0.000   2.520   1.810   3.690   0.000
     302  16.330  16.330  45.880   0.677   0.184  12.785   0.254   0.000   1.760   1.270   2.860   0.000
     303  15.670  15.670  43.010   0.648   0.136  13.060   0.248   0.000   2.560   1.840   3.490   0.000
     304  14.670  14.670  38.340   0.578   0.136  12.813   0.246   0.000   2.360   1.700   5.830   0.000
     305  14.670  14.670  32.370   0.459   0.296  11.315   0.320   0.000  20.320   9.850   4.060   0.000
     306  15.330  15.330  36.600   0.517   0.376  11.090   0.306   0.000   7.060   3.420   4.820   0.000
     307  14.670  14.670  35.890   0.445   0.384  10.725   0.443   0.000  12.590   6.100   4.320   0.000
     308  14.000  14.000  25.180   0.555   0.424   9.488   0.335   0.000  12.050   5.840   3.560   0.000
     309  13.670  13.670  23.900   0.973   0.336   9.092   0.294   0.000   5.970   2.900   2.400   0.000
     310  13.000  13.000  30.230   0.967   0.280   9.168   0.269   0.000   3.720   1.800   3.840   0.000
     311  12.670  12.670  35.520   0.939   0.208   9.628   0.261   0.000   1.850   0.900   4.670   0.000
     312  12.000  12.000  32.820   0.843   0.144   9.820   0.255   0.000   1.770   0.860   6.090   0.000
     313  11.330  11.330  29.080   0.705   0.128   9.770   0.252   0.000   3.790   1.840   3.710   0.000
     314  12.000  12.000  27.570   0.919   0.824  10.000   0.305   0.000   4.510   2.190   1.930   0.000
     315  12.000  12.000  26.320   1.334   0.656   9.244   0.549   0.000  61.420  29.770   2.670   0.000
     316  12.000  12.000  27.240   1.355   0.528   9.545   0.378   0.000   9.480   4.600   3.630   0.000
     317  10.670  10.670  32.510   1.432   0.360   9.268   0.322   0.000   5.970   2.900   2.570   0.000
     318  10.000  10.000  30.880   1.320   0.416   9.755   0.296   0.000   3.790   1.840   5.720   0.000
     319  10.000  10.000  24.500   1.175   0.312   9.883   0.276   0.000   2.610   1.260   2.770   0.000
     320  10.000  10.000  32.040   1.053   0.272   9.250   0.366   0.000   4.510   2.190   4.370   0.000
     321   9.670   9.670  29.250   1.000   0.224   9.353   0.333   0.000   2.130   1.030   5.190   0.000
     322   9.670   9.670  23.120   0.913   0.184   9.445   0.281   0.000   1.830   0.890   3.890   0.000
     323  10.000  10.000  23.700   0.783   0.136   8.870   0.276   0.000   5.270   2.550   3.800   0.000
     324  10.670  10.670  23.880   1.149   0.464   9.088   0.392   0.000  11.950   5.790   2.760   0.000
     325  10.670  10.670  23.790   1.041   0.296   9.022   0.316   0.000   5.880   2.850   2.800   0.000
     326  10.330  10.330  29.470   1.149   0.280   9.226   0.296   0.000   4.330   2.100   4.300   0.000
     327   9.000   9.000  23.320   1.104   0.304  10.724   0.303   0.000   4.820   2.340   5.230   0.000
     328   9.330   9.330  22.850   1.336   0.688  10.058   0.488   0.000  22.340  10.830   3.560   0.000
     329   9.000   9.000  31.150   1.380   0.392  10.596   0.348   0.000   7.330   3.550   5.690   0.000
     330   8.670   8.670  25.530   1.206   0.544   9.790   0.495   0.000  14.840   7.200   6.720   0.000
     331   9.000   9.000  21.330   1.176   0.408   9.460   0.362   0.000  11.490   5.570   4.000   0.000
     332   9.330   9.330  17.210   1.418   0.512   8.628   0.537   0.000  20.460   9.920   4.970   0.000
     333   9.330   9.330  22.290   1.614   0.520   9.138   0.469   0.000  11.250   5.450   3.110   0.000
     334   9.000   9.000  26.690   1.329   0.256   9.423   0.318   0.000   6.790   3.290   3.630   0.000
     335   8.670   8.670  17.400   1.539   0.312   9.304   0.453   0.000  17.410   6.260   5.040   0.000
     336   8.000   8.000  18.670   1.512   0.272   9.592   0.435   0.000   5.440   1.960   0.840   0.000
     337   7.670   7.670  20.740   1.375   0.160   9.513   0.446   0.000   2.320   0.830   3.160   0.000
     338   7.000   7.000  19.810   1.232   0.272   9.628   0.547   0.000  13.410   4.830   5.240   0.000
     339   6.000   6.000  15.990   1.259   0.216   9.965   0.498   0.000   3.500   1.260   5.710   0.000
     340   6.000   6.000  19.510   1.311   0.224  10.553   0.472   0.000   3.830   1.380   7.440   0.000
     341   6.000   6.000  22.900   1.234   0.200  10.527   0.471   0.000   3.980   1.430   5.440   0.000
     342   6.000   6.000  23.750   1.340   0.296  10.357   0.327   0.000   9.530   3.430   2.960   0.000
     343   5.330   5.330  20.750   1.761   0.248  10.690   0.308   0.000   8.010   2.880   3.040   0.000
     344   5.670   5.670  17.810   1.598   0.240  10.068   0.299   0.000   4.740   1.700   4.240   0.000
     345   6.000   6.000  17.340   1.739   0.320   9.638   0.297   0.000   4.110   1.480   3.480   0.000
     346   7.330   7.330  22.680   1.605   0.256   9.228   0.289   0.000   3.010   1.080   3.480   0.000
     347   7.000   7.000  16.810   1.190   0.208   8.908   0.318   0.000   3.840   1.380   6.100   0.000
     348   7.000   7.000  18.800   1.487   0.160   9.494   0.346   0.000  15.130   5.440   3.230   0.000
     349   7.000   7.000  18.020   1.594   0.224   9.898   0.321   0.000   9.230   3.320   3.260   0.000
     350   7.000   7.000  18.820   1.497   0.296   9.154   0.497   0.000  10.510   3.780   4.470   0.000
     351   6.670   6.670  23.810   1.450   0.184   9.968   0.495   0.000   5.160   1.860   1.320   0.000
     352   6.670   6.670  20.250   1.231   0.136  10.213   0.277   0.000  19.950   7.180   2.750   0.000
     353   6.330   6.330  20.590   1.147   0.120  10.268   0.269   0.000  14.450   5.200   3.540   0.000
     354   6.000   6.000  27.610   1.122   0.072  10.143   0.262   0.000   5.650   2.030   2.170   0.000
     355   5.670   5.670  16.980   1.059   0.072   9.948   0.263   0.000  10.300   3.700   3.500   0.000
     356   5.330   5.330  20.790   1.448   0.656   8.530   0.353   0.000  31.730  11.410   4.400   0.000
     357   5.670   5.670  21.320   1.683   1.152   8.958   0.511   0.000  29.910  10.760   4.390   0.000
     358   5.330   5.330  20.390   1.543   0.648   9.035   0.349   0.000  61.580  22.150   3.860   0.000
     359   4.670   4.670  29.260   1.586   0.384   9.893   0.434   0.000  20.460   7.360   5.100   0.000
     360   4.670   4.670  19.240   1.446   0.472  10.360   0.387   0.000  14.610   5.260   6.110   0.000
     361   4.330   4.330  14.840   1.273   0.416  10.470   0.339   0.000   8.510   3.060   2.940   0.000
     362   3.670   3.670  20.430   1.290   0.064  10.203   0.322   0.000  13.250   4.770   2.480   0.000
     363   4.330   4.330  18.600   1.542   0.176  11.007   0.326   0.000  18.820   6.770   3.090   0.000
     364   5.670   5.670  25.030   1.323   0.264  10.573   0.496   0.000  38.350  13.790   3.820   0.000
     365   6.000   6.000  19.170   1.411   0.224  10.270   0.386   0.000  17.760   6.390   3.510   0.000
